-1	:	00	0
0	CX:0,1	00	1
1	CX:0,2	00	2
1	CX:2,0	00	2
1	CX:2,3	00	2
2	CX:0,3	00	3
2	CX:3,0	00	3
2	CX:1,3	00	3
2	CX:3,1	00	3
2	CX:3,4	00	3
3	CX:0,3	00	3
3	CX:1,2	00	3
3	CX:1,3	00	3
3	CX:3,2	00	3
3	CX:3,4	00	3
5	CX:0,4	00	4
5	CX:4,0	00	4
5	CX:1,4	00	4
5	CX:4,1	00	4
6	CX:0,4	00	4
6	CX:4,0	00	4
6	CX:1,3	00	4
6	CX:1,4	00	4
6	CX:4,1	00	4
6	CX:3,4	00	4
6	CX:4,3	00	4
6	CX:3,0	01	4
6	CX:4,0	01	4
6	CX:1,3	01	4
6	CX:1,4	01	4
6	CX:4,3	01	4
7	CX:2,1	00	4
7	CX:4,1	00	4
7	CX:2,3	00	4
7	CX:2,4	00	4
7	CX:4,2	00	4
7	CX:3,4	00	4
7	CX:4,3	00	4
7	CX:1,4	01	4
7	CX:2,3	01	4
7	CX:3,2	01	4
7	CX:2,4	01	4
7	CX:3,4	01	4
8	CX:4,2	00	4
10	CX:4,0	00	4
10	CX:1,4	00	4
10	CX:4,2	00	4
10	CX:3,4	00	4
11	CX:3,4	00	4
12	CX:3,2	00	4
12	CX:4,2	00	4
12	CX:3,2	01	4
12	CX:4,2	01	4
13	CX:1,3	00	4
13	CX:4,3	00	4
16	CX:1,4	00	5
16	CX:4,0	01	5
16	CX:1,4	01	5
17	CX:2,1	00	5
17	CX:2,4	00	5
17	CX:2,4	01	5
17	CX:4,2	01	5
18	CX:4,2	00	5
19	CX:1,0	00	5
19	CX:1,3	00	5
19	CX:1,4	00	5
19	CX:4,1	00	5
19	CX:4,0	01	5
19	CX:1,4	01	5
19	CX:4,1	01	5
20	CX:0,1	00	5
20	CX:1,3	00	5
21	CX:2,3	00	5
21	CX:3,2	00	5
21	CX:2,4	00	5
21	CX:4,2	00	5
21	CX:3,4	00	5
21	CX:4,3	00	5
21	CX:4,0	01	5
21	CX:1,4	01	5
21	CX:4,1	01	5
21	CX:2,4	01	5
22	CX:0,1	00	5
22	CX:4,0	00	5
22	CX:2,1	00	5
22	CX:2,4	00	5
22	CX:4,2	00	5
22	CX:4,3	00	5
22	CX:4,0	01	5
22	CX:1,3	01	5
22	CX:2,3	01	5
22	CX:2,4	01	5
22	CX:4,2	01	5
22	CX:4,3	01	5
23	CX:1,3	01	5
23	CX:2,3	01	5
23	CX:2,4	01	5
23	CX:3,4	01	5
23	CX:4,3	01	5
25	CX:3,1	00	5
25	CX:1,4	00	5
25	CX:4,0	01	5
25	CX:1,4	01	5
28	CX:2,3	00	5
28	CX:2,4	00	5
28	CX:3,4	00	5
28	CX:4,3	00	5
29	CX:4,3	00	5
30	CX:3,0	00	5
30	CX:3,1	00	5
30	CX:1,4	00	5
32	CX:1,2	00	5
32	CX:2,4	00	5
32	CX:4,2	00	5
32	CX:2,4	01	5
34	CX:4,1	00	5
34	CX:3,4	00	5
34	CX:3,4	01	5
35	CX:3,4	00	5
35	CX:4,3	00	5
35	CX:3,4	01	5
36	CX:4,0	00	5
36	CX:2,3	00	5
36	CX:4,2	00	5
36	CX:2,4	01	5
42	CX:2,3	00	5
44	CX:1,4	00	5
45	CX:4,0	00	5
45	CX:3,1	00	5
45	CX:4,2	00	5
45	CX:4,2	01	5
46	CX:1,4	00	5
46	CX:3,4	00	5
46	CX:1,4	01	5
47	CX:1,3	00	5
47	CX:4,1	00	5
47	CX:4,2	00	5
47	CX:1,4	01	5
50	CX:3,4	00	5
50	CX:3,4	01	5
53	CX:4,1	00	5
54	CX:1,4	00	5
55	CX:2,4	00	6
55	CX:4,2	00	6
57	CX:4,0	00	6
57	CX:2,4	00	6
57	CX:4,2	00	6
58	CX:1,3	00	6
58	CX:3,1	00	6
58	CX:4,2	01	6
59	CX:3,4	00	6
59	CX:4,3	00	6
63	CX:2,0	00	6
63	CX:2,3	00	6
63	CX:4,1	01	6
63	CX:2,3	01	6
64	CX:4,1	00	6
64	CX:2,3	00	6
64	CX:2,4	00	6
64	CX:4,2	00	6
64	CX:2,4	01	6
64	CX:4,2	01	6
65	CX:4,2	00	6
65	CX:4,0	01	6
65	CX:4,2	01	6
66	CX:1,2	00	6
68	CX:4,2	00	6
70	CX:1,2	00	6
70	CX:2,3	00	6
70	CX:2,3	01	6
71	CX:1,4	00	6
71	CX:4,1	00	6
71	CX:2,3	00	6
71	CX:2,4	00	6
71	CX:2,4	01	6
72	CX:3,4	00	6
73	CX:2,4	00	6
74	CX:0,2	00	6
74	CX:4,0	00	6
74	CX:3,2	00	6
74	CX:3,4	00	6
74	CX:4,3	00	6
74	CX:4,0	01	6
74	CX:4,1	01	6
75	CX:1,4	01	6
76	CX:2,3	00	6
76	CX:4,2	00	6
77	CX:3,2	00	6
77	CX:2,4	00	6
78	CX:1,4	00	6
78	CX:2,4	00	6
79	CX:2,1	00	6
79	CX:4,3	00	6
80	CX:2,4	00	6
81	CX:4,1	00	6
82	CX:1,2	00	6
82	CX:4,3	01	6
84	CX:1,3	00	6
84	CX:4,3	01	6
85	CX:4,3	00	6
85	CX:4,0	01	6
85	CX:4,3	01	6
86	CX:2,3	00	6
86	CX:2,3	01	6
86	CX:4,3	01	6
87	CX:3,2	00	6
87	CX:2,4	00	6
87	CX:4,0	01	6
87	CX:2,3	01	6
87	CX:2,4	01	6
88	CX:2,3	00	6
90	CX:3,4	00	6
90	CX:4,3	00	6
91	CX:4,3	00	6
92	CX:2,3	00	6
92	CX:4,3	00	6
93	CX:3,0	00	6
93	CX:2,4	00	6
95	CX:4,3	00	6
96	CX:4,3	00	6
99	CX:2,4	01	6
100	CX:2,1	00	6
100	CX:2,4	00	6
100	CX:4,2	00	6
103	CX:3,0	00	6
104	CX:3,2	00	6
104	CX:3,4	00	6
104	CX:4,3	00	6
105	CX:4,0	00	6
106	CX:3,0	00	6
106	CX:2,4	00	6
107	CX:3,0	00	6
107	CX:2,4	00	6
109	CX:2,4	00	6
112	CX:3,2	00	6
114	CX:3,2	00	6
115	CX:3,2	00	6
128	CX:4,2	00	6
128	CX:4,2	01	6
129	CX:3,4	00	6
130	CX:3,4	00	6
131	CX:3,1	00	6
132	CX:1,3	00	6
132	CX:1,4	01	6
133	CX:3,1	00	6
136	CX:1,4	00	6
140	CX:0,4	00	6
140	CX:2,4	00	6
142	CX:3,4	00	7
142	CX:4,3	00	7
143	CX:2,3	00	7
145	CX:4,0	00	7
145	CX:3,4	00	7
145	CX:4,3	00	7
153	CX:4,2	00	7
153	CX:4,1	01	7
154	CX:2,3	00	7
155	CX:4,2	00	7
156	CX:1,0	00	7
156	CX:1,2	00	7
160	CX:4,1	00	7
162	CX:4,0	01	7
171	CX:2,4	00	7
171	CX:2,4	01	7
173	CX:4,1	00	7
175	CX:4,0	01	7
176	CX:4,0	00	7
178	CX:3,2	00	7
180	CX:4,0	01	7
185	CX:4,0	01	7
193	CX:4,3	00	7
199	CX:4,0	01	7
199	CX:4,3	01	7
205	CX:2,1	00	7
206	CX:4,0	01	7
209	CX:4,3	00	7
211	CX:4,0	00	7
212	CX:3,0	00	7
216	CX:2,4	00	7
227	CX:3,0	00	7
252	CX:4,0	00	8
254	CX:2,1	00	8
258	CX:1,2	00	8
264	CX:3,2	00	8
